9256
1398
8010
6953
4811
2006
2769
934
2791
6951
226
4237
376
2019
5272
728
1805
9348
4236
2193
7943
208
4402
3413
3235
2551
1078
7222
2521
6331
8409
4001
7683
8302
4246
7776
9201
2515
826
1056
9804
1758
3236
3077
3787
2637
2345
2156
2387
1835
970
1473
8801
3027
7626
6211
9389
9506
11
8421
4007
7264
2601
502
1605
8480
8169
259
8913
3381
2242
6731
2812
5079
8445
7620
7015
9623
522
6252
7012
7120
4532
4627
1592
3231
837
4311
7236
9204
8940
495
7508
3768
766
9004
4824
5329
5002
2460
737
3493
4082
4337
3646
5148
9351
34
3447
8872
6469
1217
3737
3689
7647
3357
8324
2988
4027
1464
4785
5812
785
8411
9081
8636
6112
5929
7954
2428
7746
5266
4666
9994
9265
6697
3721
4834
2762
8088
9042
2841
3777
4465
1274
4671
9125
504
2509
7187
4117
2336
7933
907
9011
7203
748
1220
7080
6919
6732
2455
5480
5165
2196
6589
3175
1387
5110
4420
8797
9612
7423
7778
2966
2630
5151
601
5549
669
9162
2812
4954
3574
6622
3473
4857
270
3269
1895
1805
9596
2013
1034
7828
5941
9095
5237
8125
1359
2237
8823
888
8039
9255
2650
1485
8791
8784
6655
6815
5122
6500
6798
4546
3810
9756
4365
1179
1076
4446
990
7047
5266
2543
5662
7727
5282
1562
6155
6122
5388
1878
7606
7475
2402
8402
2985
3708
5243
3476
5419
8900
9665
4243
8177
3365
5356
7521
1847
3073
8685
2509
6464
2030
9984
6648
1243
5887
5404
5607
6118
566
4860
5928
7735
8615
6259
8536
5336
3710
9036
2884
1347
2787
8464
9151
5935
6044
2508
755
7129
4484
7761
2732
6230
5675
717
545
88
9103
6891
436
7391
7321
8679
6940
6354
2138
9844
993
4511
9720
2593
3016
1839
1076
5753
8415
5613
4142
474
956
4984
9899
7496
6353
1991
8294
6419
8338
3613
244
391
6762
6030
6412
9427
4283
9712
3655
7916
4148
9109
4132
8626
7768
3400
8608
8594
733
6550
8916
1982
898
3135
7119
987
3348
3708
7125
8025
947
8948
4424
2152
4033
9114
4790
4441
5210
1465
3155
834
7882
3219
7337
3527
3388
2709
9069
2421
1839
3568
3012
6208
2318
9476
1718
1392
7967
7901
4642
7383
7179
2322
5602
1254
3200
1980
9104
1969
4868
8212
104
9024
5275
256
5584
136
4011
8320
3926
2729
5134
5283
4313
6008
8231
8239
2586
9168
425
6577
1940
1093
6500
7378
1050
9610
3953
6523
160
5011
752
122
45
4045
911
6357
7584
6045
3358
1726
3488
614
3826
1336
2088
6223
7847
6601
227
8676
9673
8305
2580
2203
5188
5162
8585
4730
4714
128
8464
248
9941
3074
7371
7521
3646
6985
1745
9758
5806
761
5845
1700
9858
9623
5307
907
7188
3610
1847
6034
6168
4372
1512
2977
4644
1362
3798
6960
5412
3970
1448
6342
172
7589
8713
8372
8303
7557
5099
1763
5312
1737
6860
1051
5608
9063
9865
566
167
5721
9040
4036
1870
8163
1690
9360
9692
9075
1129
6706
7479
7482
3470
8407
4301
3291
6783
6654
5676
5585
9911
1764
6495
1766
1246
2723
3258
5137
5818
7686
5816
9567
8406
7232
7474
3013
9154
2046
6435
3269
2795
9978
2778
1120
5820
8001
4768
8283
373
5255
6363
4068
2604
8682
786
6438
7026
1908
3729
1580
5687
5669
8287
883
2623
8544
9646
1587
5174
5412
7171
1855
4323
1151
5751
4667
3946
1438
7437
1469
8820
7127
1397
7031
9298
7883
7504
452
7232
1094
1141
4849
3383
5433
1315
2814
7685
6491
9320
9269
721
8587
3778
1850
4553
6360
1268
5091
8526
5941
2219
234
6467
8055
3314
6753
7506
1184
6626
8678
976
6674
1118
6263
5282
8812
2062
8679
7359
6889
3401
770
920
1609
489
445
5638
8415
8474
1457
6098
3485
9684
1066
6507
2189
1689
4843
7203
2386
4944
7861
3451
9566
9091
9863
4688
2389
4502
903
1494
6689
297
6290
2293
6504
4960
6705
7504
4651
2481
8317
1197
9728
2750
628
8210
978
995
5628
2525
1736
4370
2152
4856
3523
2621
713
6298
3660
500
7622
7713
141
2688
9822
9358
4510
8895
2637
6162
772
2673
1246
9752
2309
4994
7457
322
7007
3817
7229
73
1465
240
5879
1471
3434
7381
4900
7272
7641
7040
3307
9720
9860
3686
3614
5262
3317
7421
6586
5393
9778
4401
9613
4618
5316
9575
7497
8739
154
4865
1558
5070
4719
9169
2476
2889
1481
1169
2304
8928
260
6225
5375
4531
5758
3442
3705
5610
2596
2484
2608
599
5805
1755
1042
8347
2053
9239
4098
1595
3133
1427
6014
5204
4929
3966
2781
6477
2682
7129
1063
5052
2197
2513
345
4171
3347
845
4392
172
5699
6682
3862
6651
285
3093
6948
419
2272
2920
2487
340
7023
6761
1790
7860
902
4255
578
5683
7652
8839
3102
819
5044
5478
4914
2279
9276
7983
3763
2875
7961
4968
917
38
3018
5512
7003
4475
7709
6371
830
2502
2967
7322
1101
1813
8968
3084
3220
7268
2606
1377
8608
1101
2377
2585
417
272
9183
3984
929
5648
8400
181
4516
5022
1100
2076
1905
6618
6548
464
9168
615
4943
9373
9956
8303
9134
7549
9306
5767
3826
8560
8787
4931
2524
882
1135
7341
5381
3944
7722
6274
3551
1979
4508
9181
2764
7352
3371
7113
6190
6727
9412
1601
2526
9611
7082
9962
624
8169
8238
9028
3191
5708
5871
3804
1957
8073
2147
4294
7478
7230
839
5001
8094
6208
916
6171
768
7414
6915
383
481
3504
6419
1851
892
4540
536
1887
4646
2281
2357
979
5413
9645
5885
6145
9133
1445
9783
4179
683
9180
6928
9005
1461
9997
1173
1886
1778
7068
3537
548
2486
7026
9684
9374
2513
1095
6629
565
8857
3414
4185
557
5268
3163
3109
9000
4490
3407
6704
1661
7498
1096
6428
2391
2301
6666
1815
6608
6984
7091
3565
4192
4486
1414
7808
7185
5461
7718
9930
7717
4591
6373
5346
8313
8668
557
2846
7419
4918
7023
5752
3643
1565
1323
3572
3422
172
9119
2321
5625
3180
5299
46
6524
743
7604
5102
1612
3408
9887
1567
6453
705
9393
7640
9808
3285
2093
1425
7842
983
2173
4407
8645
9354
4172
848
2827
2155
5380
6811
4767
5524
5476
9820
2447
6435
2724
4983
599
2858
3515
5387
9583
4199
3057
1969
1145
3463
7841
3429
6403
775
6625
7556
2964
7403
2693
1766
5492
9010
8592
1279
5948
6474
7373
752
2097
8720
7950
8275
8795
5915
8786
1799
4075
2362
3068
4952
44
842
5538
2771
632
6060
3267
1960
3438
2311
4204
3633
3235
7946
4253
4658
4392
1317
5015
4498
8698
3976
2345
5977
5231
9211
1852
5002
6591
7856
251
2307
9233
4358
9959
8850
3289
2288
2874
4555
2990
4582
9226
9239
4800
921
5745
4991
3097
9244
1162
8201
707
562
2862
8194
6715
3283
8673
4685
725
867
5014
9931
4753
6852
1850
6555
1292
9658
3039
6916
5081
2015
2551
7937
1393
6345
1573
7724
1145
8441
7310
2798
9044
4982
1573
7973
600
8729
104
1559
4229
8025
1189
2823
3187
1226
6225
102
5723
7586
2010
8027
3721
9708
7707
4566
2848
3537
2592
8481
5391
8227
9227
248
483
1259
4598
4699
3085
6214
6810
129
85
2412
2192
1695
7199
450
1301
4730
125
9168
387
8745
6229
9428
9726
527
1461
2104
2012
1991
1540
3522
3113
6304
4266
9867
9785
6235
2611
2003
8191
5923
9903
1859
1022
3597
7230
322
9566
1167
9435
9484
6658
102
470
4703
6839
5475
6454
9800
6463
5926
303
9310
2207
9437
2096
4957
3494
6782
6464
7958
2383
9956
7755
9573
9640
1287
2567
548
5012
1167
1052
7294
8894
5001
3155
197
1551
91
1213
9128
6626
2597
1240
3407
8486
216
1534
8201
5508
7948
2478
6009
721
2572
9103
1820
1286
3861
7506
9822
4831
3040
3768
8878
5824
6523
6004
639
638
3310
1585
9040
6605
652
8919
9230
2662
9161
5370
2183
732
1516
4564
3683
7119
9605
1877
5775
7088
592
2424
746
486
586
1607
8660
2992
9619
6817
6355
1308
629
7579
4935
7320
2757
6757
257
4183
3351
559
1472
6422
1142
8875
1340
3151
7908
3700
5062
8830
927
1008
5983
2178
4166
7218
8584
9366
2186
1171
4970
7809
3032
3362
6967
3114
6837
8713
5569
4000
3659
6514
4314
4954
7892
5946
2171
7434
8132
821
8057
5111
652
1954
8261
1611
6859
8480
8738
730
5688
721
2476
356
8062
5566
8968
5149
4839
3755
9846
9035
3676
4045
3710
1055
235
8553
4970
4552
6411
1950
6816
2420
1260
8342
8676
6457
1074
1897
9499
6291
2836
7667
3234
7903
5983
4983
8448
5239
2273
5236
601
3246
9091
887
6341
4575
8518
5553
8592
593
8209
2730
2611
7902
585
2725
1155
5892
7475
1974
9385
2075
9910
290
3362
904
9157
9334
3208
4785
363
1515
2640
1026
2775
1704
3637
8784
491
1880
261
380
4479
2958
8698
9978
4939
6502
2460
7827
2213
6302
1670
9224
3368
1877
2886
4088
9894
8802
9192
3075
3902
1496
1909
3807
2465
6393
5176
8235
6850
4713
1729
243
4429
7668
2014
6035
4202
1618
6647
4447
769
3241
8840
9539
7071
4564
9124
2614
9834
2196
4328
4516
6162
164
4414
1757
3081
3473
820
904
1860
5609
8652
5244
3826
515
1477
7504
1196
8864
4442
1136
6878
9776
1529
4403
9526
8264
2230
5916
6106
786
5761
3102
9518
3046
8997
8243
4406
1160
8579
4350
8265
1138
3983
6416
9463
4851
9688
3704
620
8504
5566
7550
9765
2586
3423
3090
6642
8968
3491
4928
6861
6
9849
6247
3755
8982
97
6442
8944
4599
1211
9559
2376
8411
6272
1830
3619
3725
1232
4612
7344
2418
6411
9313
5213
815
9124
4454
6206
444
1491
6555
6812
520
9402
952
3296
125
2218
9963
225
5861
7926
1561
6217
620
6904
9992
2367
4344
2675
7020
881
263
5130
6320
31
9464
6911
776
8944
9773
4877
1973
6159
1614
3674
3801
2742
3634
1000
6683
2798
6714
4379
6045
918
4270
96
9212
5570
844
1499
2840
2614
7774
1009
4437
9283
8764
2584
8384
1920
113
6203
1094
8893
9506
6675
7570
5796
8285
1074
3221
5010
3086
978
1051
3317
872
126
1003
1349
7058
7167
4640
6871
1231
633
8262
9056
5875
5623
7030
5143
5171
9780
4262
7263
108
6091
9082
1875
630
9282
7696
6227
602
6275
2507
3822
6322
5179
8381
6080
3745
1126
4571
7086
4691
4491
9436
1999
2117
7491
8818
6029
6424
1056
7164
4540
1794
6060
5819
3963
534
8688
6963
1305
9045
9110
5924
5786
3221
7968
3098
2698
5825
5738
2674
6864
1057
4829
7263
3479
1275
566
5435
1097
1434
8311
3153
557
4334
8237
379
755
5636
3490
3847
4429
7896
9235
4704
9968
1320
4036
5642
9627
683
8114
8573
4456
3777
2265
3622
2657
5756
1976
9226
9812
1072
9890
9853
7865
1655
9654
7715
2820
2425
6257
8212
2503
3562
5618
133
6234
2611
62
772
1853
4325
1814
2548
2748
6844
3014
827
5252
3201
831
4888
742
3986
9735
856
5577
150
7631
5130
8133
2395
4085
354
8990
6611
6443
3084
7389
5167
7256
1986
9845
762
4078
4463
7572
4793
3356
5460
9705
2641
1620
5002
2629
4905
4623
9562
1061
3138
3168
7818
2079
1429
9670
377
2842
75
9110
9548
883
7603
5193
3210
638
5391
2434
4837
8329
8240
5170
74
8247
5572
1887
1739
1628
1868
6930
7034
5476
867
945
8857
9145
2108
4077
1584
2341
1147
7468
639
6036
4615
9049
948
6750
7774
9786
3775
131
8345
402
4261
6903
7650
7321
2386
2993
7924
6329
8609
1007
7745
5930
8145
6764
8634
5664
3248
1252
3946
7347
5355
9575
5907
1296
4906
1725
2702
3790
9270
2729
6813
9363
5276
9953
8692
8360
4886
461
7735
6394
1128
2557
645
8467
9000
4240
5750
1161
7217
1602
2288
1028
2282
8405
32
6
3523
8436
824
4086
8895
7748
8659
2429
2953
2700
3745
9125
6768
8567
975
2463
164
7127
5062
3652
8790
3820
8744
7358
3003
1973
8614
4472
658
1302
6085
1619
9510
9707
3554
8458
885
4219
4980
40
7554
1473
9249
2953
680
7559
628
1006
32
7204
4493
8565
1077
1320
8985
3881
4390
6437
6131
3925
9308
4449
3707
2639
1548
4921
8166
4979
5823
1351
1879
9308
3616
3623
5805
7931
1622
9559
8524
8561
6547
6301
1056
1199
6235
1038
5615
8720
3897
5627
3903
1013
2175
5902
3081
6866
7053
4486
4396
9863
9412
7456
4308
3570
4411
295
2012
3058
8017
6861
8737
31
1492
1722
9337
1528
2530
6371
3861
9933
5550
1199
6227
2111
1093
9431
3239
9236
7713
9836
1674
4079
2477
3789
4995
64
1947
8120
2326
9320
2339
3633
4186
4848
8156
3490
5312
8746
3344
8130
3952
5639
2107
7528
8790
5579
244
2369
989
286
8415
7889
8058
5044
5426
710
2749
8863
9735
7523
3668
1380
7714
1452
5568
3579
1331
3725
187
1259
4414
1760
506
2326
7833
8319
4208
688
8933
7766
916
2310
1089
7661
9604
2157
9323
1525
1385
104
24
9952
2652
1422
2391
9302
2426
6858
7313
37
9332
3925
6595
120
4842
2082
191
2763
7562
8696
1584
7774
1987
7045
3629
5353
8222
2961
352
8639
3567
2289
1030
7878
4521
2541
9737
8038
9312
916
5597
8287
6739
8047
5865
704
5433
1523
919
9381
8090
74
4973
7489
9874
2452
2668
2028
1058
5290
7048
4639
2504
8452
8009
7566
2512
7051
9938
5924
6858
2049
7185
8134
7166
6912
6086
1184
5758
8401
6023
6645
1963
1742
6531
3878
4634
5930
6342
8704
2183
655
300
9514
4715
5527
9417
7999
8491
9247
6601
1402
9009
4921
115
3023
3999
3026
707
1106
7073
3300
1944
2354
2274
2604
507
5781
4098
6638
1522
186
9830
7015
8884
2363
7264
7748
7982
7490
6785
7105
8453
2013
4716
1493
92
4661
317
2572
8296
4651
2250
6868
2162
7028
1817
5244
1806
7751
9410
2106
3818
7844
9158
4316
3928
2456
7760
2178
2399
2606
3115
3354
1039
1016
4548
2091
2628
3006
8897
6486
8077
6182
1938
5353
3357
3284
4775
1462
7681
676
9491
2693
3108
5766
5023
8949
7216
9241
7122
1480
5637
5404
1199
4400
559
2465
6848
7108
6435
1810
1138
6616
8857
4696
7328
5068
9249
6458
7796
7811
511
8387
2108
4358
2473
7367
6442
3754
115
1271
2350
6688
6632
35
7847
5868
5564
4432
504
5304
7264
8619
3672
2330
1798
1068
2924
3459
9525
2909
7225
1753
5023
6589
2805
359
6497
6016
4893
3555
3578
4506
989
593
3056
3372
5099
2598
2496
5790
7716
2736
1300
3694
59
1140
1482
6344
6543
2503
2610
2790
8029
2737
3832
5625
438
5087
4036
9945
483
2393
7518
5081
5589
9891
6853
3311
4689
5879
145
8355
6765
3826
8999
9397
788
5310
6542
8980
9312
5313
5664
7276
7641
6660
4675
8784
7176
230
9913
4569
1313
7986
356
1005
321
8574
3166
1539
2515
8981
9656
1350
938
296
2321
5272
4970
6320
9034
9305
135
2295
119
8568
419
8632
7640
8458
2962
5844
7689
4632
1345
39
9479
7693
4358
6234
4181
769
5865
1626
2829
3104
2371
7769
1962
5727
2486
2099
7829
5055
3997
9459
607
7122
421
2983
7935
7214
9357
9281
2428
5904
9770
7472
3550
2434
8494
8063
8048
1968
7257
9980
8280
7656
3745
3628
4586
7889
9070
9789
5225
1373
6425
8412
1567
4417
3094
6024
5888
6724
159
9030
698
9638
2708
2886
192
5460
5760
9317
8887
7129
3373
2197
8048
5383
5514
6395
1128
2678
2924
2983
3100
8044
3491
825
7873
8494
3583
2210
6946
4373
2483
8105
2267
3653
7672
3631
8310
1642
5268
853
628
4804
589
2876
991
6836
6985
4653
1261
9271
1944
4490
8455
6723
116
1204
3131
112
6727
6287
1679
9417
5054
659
3943
1250
4637
741
232
2188
9443
3589
4862
9032
9439
5833
6619
2744
2467
2586
625
7868
5416
9100
642
4779
6227
5188
758
6592
1526
1142
237
215
8842
909
8501
5064
507
7230
638
9556
1252
6814
220
4877
4621
1331
4029
171
7890
4441
1900
5228
2326
2519
9669
5915
5064
2945
4601
6277
3909
7183
6197
3608
8126
8669
7454
445
3579
9796
9328
2535
4207
9881
6839
1196
6062
1620
2973
1892
8653
2836
8197
3600
8586
7970
2359
6780
5947
3011
14
5768
2267
5730
2718
3
3266
3821
6586
3769
7380
7118
5685
1792
669
4972
5287
5101
5083
8163
2786
9788
4541
7682
9670
9023
9802
2356
1730
3126
8741
3986
6619
5456
848
2855
8082
8289
7935
1843
4881
741
9598
7091
2518
9236
773
2641
8708
4727
2699
568
7926
3146
3113
28
2437
3026
5744
6263
2076
3648
1085
70
10
1222
4668
8310
2919
922
812
1049
8363
7017
2081
1293
2219
4814
2431
735
5141
2003
4086
1499
735
8663
9705
5448
4123
6464
3107
7794
1118
8915
6700
1063
1744
5506
7368
1063
5750
6069
9425
2581
3487
7580
6374
6051
9532
6948
2404
2701
7972
9880
6884
4533
5910
442
8501
655
1088
5682
8284
1501
1695
6902
2617
1294
424
1771
2283
2066
2983
1003
1846
417
9286
5671
949
4141
7089
5934
763
357
5479
4031
126
6924
499
4460
1462
2425
1195
8048
1826
2848
3465
7458
9180
1761
617
8970
9678
5951
7842
403
3924
6900
9688
5553
3972
2019
5409
9477
9820
46
5751
2224
2539
6217
4974
6868
3859
367
1046
1953
3981
4819
9506
3374
1741
7993
5626
2614
3975
6566
1439
1894
3123
4438
8429
9747
7773
893
4597
4385
3504
6480
5612
7714
2547
5332
3854
5691
4276
9687
3207
2350
1925
4078
2484
6547
4501
1119
3029
3704
4832
2512
2773
6667
9145
5503
7981
7333
1607
5651
2646
3177
9053
9971
5085
4781
9967
7478
2316
6361
4610
5658
4519
4142
9763
6505
181
1817
2203
2329
3600
2567
3297
531
3197
1627
7776
935
6783
110
1658
3165
7129
246
5950
895
8468
8730
7078
6773
656
1717
4532
1921
558
4330
8526
7197
8269
3127
2903
3953
5155
5020
4576
4889
9183
8317
879
1638
2013
1974
1039
6756
6281
1855
2520
2460
1559
5889
3088
9323
8754
6472
9794
9411
2868
5401
3407
464
4774
7365
2434
5613
5944
2367
9111
3528
9555
154
5327
4116
653
4006
8093
8958
685
7213
3173
3474
8895
3609
1366
4910
4378
1049
3925
7431
2800
868
2060
7067
70
7757
9939
2535
1254
775
5966
842
8257
730
4070
473
4584
2150
7021
1524
3276
4632
7324
5577
980
3035
2207
840
5952
6673
2068
8119
9372
2498
6303
6983
5191
3236
3410
2774
7876
828
9435
8742
7120
2740
6142
109
5493
5069
1717
2655
7647
8135
7701
3242
9822
799
8371
9792
3179
5815
8839
3674
5870
1388
7648
6634
751
1845
5847
7218
267
7975
5208
7283
3097
4593
5583
3561
3806
5220
1311
9765
6974
5314
345
3771
8932
7324
1243
7502
4724
7284
471
1896
9855
1354
8997
4430
2487
1797
3563
9586
8227
3152
8668
8507
2724
3800
9743
5891
5913
547
3555
9488
9553
6707
7375
2837
560
6826
206
5081
3299
7296
3738
8952
9319
3
8488
7993
4022
8719
8950
1968
1988
5550
2128
6437
7657
5282
4824
533
9712
8321
3127
7671
8800
255
5919
3409
5688
9010
500
1163
2272
9474
3195
5540
2061
8736
5648
8629
1334
4569
2174
3747
7749
8154
7595
8777
2976
1366
9266
6517
4601
1302
9941
3841
6018
8545
1954
1285
6805
7372
2597
827
4595
4851
9471
723
9083
4440
9702
6857
5517
9787
6717
2675
4287
4972
5701
2447
7809
1789
3123
2941
5948
6043
2532
2280
2096
6030
9231
3403
2366
6431
1130
65
6643
6330
6512
3630
119
564
6801
5180
20
1151
2138
6569
8043
3803
5078
6351
9171
2623
1461
4499
3395
7352
1901
947
5810
4577
4814
3993
7869
1732
426
7925
8841
6992
3269
4523
1946
3276
7257
5320
6179
5610
237
6075
9727
5167
2983
5841
4735
8419
8192
5953
2548
3828
5975
7018
1056
8992
6312
121
2008
7074
8974
8831
2269
1788
3078
963
1772
839
1079
9908
450
4758
7199
7442
1555
8914
1903
2717
6221
2833
2234
7662
7753
9560
4074
2421
4082
419
180
7218
2217
2818
9421
9192
3127
8615
8748
574
3844
7005
7970
6328
4408
363
4215
2518
1713
377
183
7996
1541
9699
8589
5586
7624
7963
7982
7228
6255
179
5114
8012
198
4812
2415
7398
9967
8937
1934
4885
8380
1015
1794
1180
6447
3297
8558
448
2655
1454
9702
1908
2654
9182
5568
5748
9514
5174
9180
6263
6832
7000
1427
831
9159
2695
1692
8290
6460
2697
373
9950
7098
1437
3343
4744
1149
7375
2506
8742
39
6761
2660
6670
4946
9933
9260
7006
6742
6657
539
3566
4654
4249
4438
5139
2742
4363
1757
389
4168
1711
1271
4658
7687
2326
338
2052
9915
2749
7189
4977
6559
7474
6489
5411
615
9702
4600
6583
4134
7827
1860
6857
6446
9935
8315
9392
1626
1505
2969
2501
4233
9668
8990
1802
2107
4299
2962
6281
2033
5284
7047
7866
8112
8560
8318
6009
5286
881
1532
8999
8016
6196
8174
8608
4059
9473
9466
8718
2458
9601
3688
8812
5688
7664
7362
5933
8286
3459
23
893
1910
2716
1526
7880
4865
7707
6666
26
1399
6039
8848
7143
685
4765
369
2204
4460
152
8684
2773
8927
4082
8131
8256
2684
9738
1833
9970
8423
9703
26
265
3540
188
1692
6626
5724
1932
2517
1004
9281
2384
3117
3965
1477
7558
7333
3011
4200
4972
9000
9581
5153
2477
5745
6219
8959
6267
2861
2435
688
1183
6706
758
1569
4717
848
5778
5559
971
1015
1705
4382
1763
1450
786
7392
6854
6579
8382
488
3268
2294
9998
2295
570
138
2836
1671
571
2517
9143
1983
2610
2424
2410
5766
726
1147
5375
6283
3887
1465
8568
7268
664
9808
3454
8005
4262
850
2118
116
4552
8223
4945
1947
2400
4615
6386
2029
5073
2346
7046
6253
1416
6466
15
2715
5584
5284
5521
240
2465
5635
17
860
5753
9157
1722
6094
4110
8746
8930
532
2978
2522
3708
5507
3031
3870
2671
201
5141
2739
392
5106
1595
586
4811
5192
2994
6499
6384
6814
7816
2219
3691
5966
8331
9315
2636
401
4516
9636
3817
1536
103
8704
2873
7576
1320
7834
8402
4867
784
2936
9028
9957
8160
695
4488
20
6837
4113
6500
1356
3773
6843
3680
2978
1577
5106
3310
9479
7395
8743
5461
5279
2130
3591
158
7026
1611
5056
2275
899
1114
1649
5637
8192
7154
6866
5949
4681
5633
5220
4469
3492
727
6522
519
5711
1609
200
4758
9544
145
6523
6221
9034
9896
89
3349
5929
343
9322
7738
2752
954
6439
8496
8697
102
4402
2546
1773
8077
231
27
6044
7327
737
9496
2031
883
8815
2526
9387
3959
4824
440
5193
1652
1645
7524
6165
1141
5807
3615
4
7001
945
8718
3561
5095
9999
2382
3481
1970
5631
1902
6109
6013
8662
6812
3224
336
2943
7756
5466
1052
5191
7216
4036
5820
6716
1669
7277
9724
9384
6250
117
5054
1048
7479
4680
1243
7282
4475
9876
5287
5686
8262
6751
7480
868
3417
163
4472
654
7194
1275
7433
8863
3788
8195
9928
8141
2063
8618
1765
1851
8436
139
9394
1474
1555
4381
8682
9570
2592
8920
3413
5203
1804
5305
3449
7616
6712
1608
738
566
7647
9047
1829
8473
9380
2653
8913
3768
7818
2740
7800
4706
2179
544
637
266
6091
2034
270
7111
4181
8155
6371
606
5286
5077
9431
6100
545
8670
3991
142
4291
6982
5065
9116
5200
7515
5119
1990
3645
3699
5548
8069
5936
3083
2342
469
7989
205
956
1545
5906
247
3290
7792
5373
3641
6427
3207
5213
4814
8190
6319
2366
7552
7916
7280
8905
3542
8297
7278
9858
7055
4825
59
7380
5699
4405
9517
826
8503
3950
2513
9184
5746
1778
1504
3258
1774
1996
9985
8530
4161
240
7648
9944
1964
7719
4685
1829
1075
2840
4648
6832
7103
5401
188
3397
5921
5204
4313
2707
6968
5180
1046
805
7556
5778
2566
8499
1756
1955
1643
9226
3181
6149
3225
7929
163
2834
4444
2829
5581
7779
5196
5008
6876
9137
4896
7325
6397
6680
609
4567
2680
2670
9568
618
6471
9410
9579
722
138
376
8620
5243
3467
4868
2690
5593
8062
5412
9364
1673
4875
9555
2259
8728
910
620
7551
4482
7663
6492
1933
1245
1454
9931
8504
9383
97
8667
8918
5150
2210
658
2748
3743
6194
7221
1764
9504
8611
326
6413
7346
7428
6480
3556
4097
9709
991
3986
3870
9838
1398
3430
9343
7844
1499
6901
4309
2236
2485
5807
2606
6458
8921
5556
1100
3196
1441
1174
4599
730
9007
2256
3582
1297
2577
1816
1123
5281
6885
1425
9240
932
8334
2484
1060
2368
167
6271
4586
7966
6136
6015
1212
5643
2311
5499
140
1423
7632
496
5876
9309
1144
7716
2263
2426
5438
3077
4342
3906
1492
4018
5255
1303
8877
2557
2500
2587
8055
5055
5856
1328
3370
5852
223
4029
7297
2425
8438
7412
8841
7083
3936
9042
5752
8849
5555
9111
1137
3925
6659
7831
3492
1151
1333
1968
9242
7659
5991
6492
2
5852
8510
409
1510
7713
3423
1848
3074
4182
1714
8355
9989
1598
9444
2290
9032
336
3772
7536
9311
7024
1040
2505
5358
5295
569
758
5823
5109
533
1885
4641
8190
1083
1187
818
8995
5732
3603
2624
11
3208
8260
636
3553
1430
8453
9280
3784
1977
700
2547
5580
1591
5952
586
2459
8043
3395
4113
8308
7958
9764
4395
1294
6865
4756
6198
8716
2134
7000
7187
543
7072
4558
7749
1933
1760
8435
7511
8801
8913
564
834
6115
6942
6628
6463
1738
8051
3486
9786
8431
1858
9867
4409
4083
5591
7333
7196
899
445
6781
4564
4411
4978
1498
5704
105
9592
3572
4070
8084
8078
7600
6039
157
1327
7260
2998
228
8569
6990
5922
4430
5265
8968
1922
6869
1749
254
761
113
4081
8123
811
1638
6742
6753
6286
3677
2456
5007
4788
9560
3879
5704
200
3616
7345
3778
2294
881
9557
9452
241
9641
2971
4275
6895
6893
5202
7207
8487
5308
6522
6010
239
1944
9700
4809
383
7106
3479
7085
9290
8085
8244
6660
1693
7414
4892
1916
3640
7418
7424
9840
2334
6873
5368
38
3080
6625
6104
9767
9374
2142
2385
1393
8184
6441
2100
810
9058
5391
5853
8422
2687
2675
1245
9067
143
246
2231
5075
1188
2182
560
3937
4737
549
1217
9240
2484
7164
1054
9096
7062
7887
8044
8426
9312
1474
6943
6718
784
4076
5601
834
3884
4811
7706
9414
5974
2425
4924
9231
1809
1678
1038
953
9091
2869
9340
5296
6444
2067
7565
7008
2598
357
1013
1067
5468
2010
907
5147
8672
4786
1581
5945
1112
7364
8899
2078
8089
2038
9666
791
3399
7640
5683
4142
7212
6578
1395
6967
3479
6288
7899
7672
8902
7914
4402
6477
3367
1017
2658
6602
475
6919
1016
3043
7020
135
8080
1016
8961
485
7681
437
7648
5966
9461
185
8323
499
1868
7909
6974
10
6305
7608
1839
2230
5853
3320
2439
7320
7306
8403
4120
422
1194
8455
1888
8154
2186
5311
9541
6942
4097
2047
33
6712
7630
882
753
4000
849
1586
3032
4809
5175
1223
9145
8287
6908
1763
372
2206
6413
5758
3872
6852
2236
14
3179
2312
135
4698
7118
9434
8570
9310
5989
2396
6356
2081
8541
9762
1256
4661
1550
9190
4422
5279
3195
1615
3641
712
6951
9427
6289
1763
2475
11
7092
8752
454
1494
7296
5728
9156
992
9125
6346
5810
6932
1025
5821
2064
1008
8843
839
7911
4120
7636
1654
3774
8286
491
5037
1912
8592
6928
9097
9008
2546
4315
9973
5992
3214
5486
5610
526
6265
6616
4315
9744
9463
9003
960
1873
1506
2193
4257
9596
1959
395
2885
8073
450
4729
1115
8782
7308
4769
8330
2728
4881
8057
7716
8634
7447
8503
3904
7972
2139
1964
7576
4600
4990
1340
9776
5929
1105
8258
6089
4037
4764
1953
5556
5157
8037
6461
2362
7650
1807
1003
5148
298
753
9767
1991
2707
1097
9365
2522
5648
4352
1690
4763
8209
6512
1067
1366
6832
2963
8518
3479
5225
4286
3552
6907
4265
9822
5854
9858
4091
8018
504
4824
7487
4441
6491
2612
9100
2461
4767
4032
5111
6416
7912
3242
3893
8421
432
9946
1821
5251
5589
5077
8177
901
2878
9297
9278
2358
4212
1723
4706
4331
7359
3285
5774
1841
3647
7060
4189
7833
3388
7817
2564
689
2816
9118
4297
2038
5363
387
8312
2214
2151
8265
6164
5754
9605
208
8716
9972
135
4812
9887
533
2104
1581
2976
5554
6713
7087
909
6600
3126
6686
1612
1773
6952
4462
4791
1145
3772
4379
59
6950
6484
9164
6251
3076
7084
6702
8506
8608
591
7486
5513
6101
2795
7574
9853
2563
8467
8716
452
8911
8324
263
7738
8652
8170
1156
71
921
2787
7032
9292
2026
6932
8167
3758
2331
651
9268
9217
9218
7077
1305
6792
7445
2864
2553
9036
396
5588
1173
2268
3544
2542
8828
9364
9780
9917
1510
4785
3467
5984
275
4579
1626
4671
6095
5028
9912
2090
2441
8824
6067
2223
2101
1653
2364
3264
158
566
1590
2051
7952
2362
1738
3020
2245
1250
2463
8472
2110
5675
6121
6155
3924
4665
7711
2013
6351
197
9137
2401
4183
2712
2266
1494
7209
4584
9426
1393
